3
3
3
5
6
7
7
9
10
10
10
12
12
14
14
15
15
16
18
19
21
23
25
25
26
27
28
28
30
33
33
33
34
36
36
37
38
40
41
41
44
44
45
46
47
47
47
47
49
51
52
52
55
56
57
59
59
61
61
61
67
67
67
68
69
69
70
73
77
78
78
78
80
80
82
83
84
85
85
85
88
89
89
90
90
92
93
93
94
95
95
96
96
102
103
103
103
104
104
104
104
104
106
106
106
107
107
108
109
109
110
110
111
113
114
114
116
117
117
118
119
120
122
122
122
122
122
122
124
126
126
127
127
128
128
129
130
131
132
132
133
133
133
134
135
136
136
137
137
139
142
143
144
147
147
149
149
150
151
154
155
156
156
164
164
165
165
165
166
166
168
169
169
170
170
170
171
171
174
174
174
177
178
179
179
183
186
187
187
188
189
189
190
190
192
192
194
195
196
197
197
200
201
202
202
205
206
209
211
212
213
213
213
215
217
217
217
220
221
223
223
225
226
227
228
228
228
229
229
231
233
234
234
235
236
238
239
241
242
242
243
244
244
245
246
246
248
249
249
250
250
250
251
253
253
254
255
255
255
258
258
259
261
261
263
264
265
267
267
268
269
269
273
273
274
276
278
279
280
282
283
283
283
284
285
285
286
287
287
291
294
296
297
297
298
299
300
301
302
303
305
305
306
307
308
308
308
310
311
313
313
318
319
319
319
321
321
322
323
325
326
331
331
334
334
336
337
339
340
341
342
342
343
343
347
349
349
350
352
352
353
354
355
357
358
358
358
359
359
361
362
362
364
365
365
367
369
371
371
376
376
381
382
382
384
387
387
388
390
390
392
392
393
394
395
396
396
397
397
398
404
407
409
409
410
410
411
412
413
413
414
415
415
416
416
418
419
420
421
423
424
426
426
426
427
428
428
430
432
433
434
434
435
435
436
437
437
437
438
442
443
443
444
445
446
447
449
449
449
449
450
450
452
454
454
454
455
456
456
457
457
459
460
460
460
462
462
466
466
466
467
469
470
471
472
472
474
474
476
477
478
478
479
480
480
481
482
484
486
486
488
488
488
488
488
490
490
490
490
491
492
492
493
493
493
498
498
500
501
501
502
502
502
503
503
503
504
506
507
508
509
509
510
510
511
511
513
514
517
521
521
521
522
522
522
523
523
524
525
526
526
528
529
530
530
532
532
534
534
534
535
535
538
539
540
542
543
544
544
545
545
547
549
550
550
551
552
553
553
553
554
554
555
556
557
558
559
560
562
563
563
563
565
565
567
568
569
569
570
570
571
571
571
573
574
575
576
577
578
581
583
585
585
587
587
589
590
592
593
594
594
596
597
598
599
602
605
605
606
608
610
611
612
612
613
613
614
615
615
616
616
618
620
621
621
621
624
625
626
627
627
628
630
632
634
635
636
637
638
641
641
641
642
644
647
649
650
650
650
650
651
653
653
656
656
657
657
658
658
662
663
663
666
666
667
670
671
673
674
675
676
677
680
681
681
681
685
686
688
689
689
689
689
690
692
693
694
694
695
695
697
698
699
702
703
703
704
704
709
710
711
711
714
715
715
717
717
720
721
722
722
722
723
724
724
724
725
725
725
726
727
728
728
729
729
729
731
732
733
734
734
734
734
735
735
737
737
741
741
742
743
744
745
746
748
748
750
750
751
751
752
753
754
756
757
758
759
759
760
761
762
764
765
766
769
771
772
773
773
773
774
774
776
777
779
780
780
780
781
782
782
783
784
786
787
788
791
793
795
795
796
797
797
798
801
801
804
804
806
806
807
807
810
816
816
817
818
818
819
820
821
823
823
823
823
824
824
825
825
826
826
829
829
829
829
830
833
835
840
840
840
841
841
842
842
843
845
845
846
846
846
847
847
848
848
850
852
853
853
853
854
857
858
858
858
859
860
861
861
865
866
867
869
872
872
874
874
875
876
880
880
881
883
884
885
886
886
887
887
888
888
889
890
890
892
892
893
894
895
895
896
898
899
902
905
905
905
906
908
909
910
911
912
912
913
914
914
914
915
916
916
917
918
918
920
920
921
921
922
923
924
924
925
926
926
927
928
929
929
930
931
932
935
935
936
938
939
939
939
939
940
940
943
944
944
946
947
947
947
949
949
950
950
952
953
953
954
955
955
956
956
956
958
958
958
959
961
961
962
962
963
963
965
965
966
966
970
970
971
971
972
973
973
973
976
977
977
978
980
981
982
982
987
987
989
990
990
992
994
994
995
995
995
996
996
996
996
998
999
1000
