532
67
469
47
133
359
670
376
939
754
390
663
949
565
104
961
227
804
699
131
415
503
110
395
545
914
282
996
695
905
221
226
323
41
273
456
751
294
183
689
47
924
703
996
488
807
308
67
962
358
549
376
213
658
122
757
571
404
104
265
308
676
490
982
69
114
437
819
407
972
860
454
895
562
801
735
720
460
801
681
170
349
409
382
6
530
490
576
285
594
192
944
269
33
926
689
147
714
508
553
685
367
358
932
280
510
666
352
322
818
384
491
166
144
872
523
26
361
450
310
306
641
254
575
673
179
615
171
892
122
724
929
840
433
212
472
943
229
823
264
46
558
106
563
702
977
85
727
689
534
36
995
526
641
921
550
171
535
721
415
657
796
343
848
228
906
319
522
134
493
137
179
51
242
741
104
570
825
830
259
710
217
253
587
858
525
488
28
59
560
442
67
355
136
915
935
41
585
456
174
78
593
704
480
186
444
583
756
620
764
14
681
980
618
267
189
142
107
569
552
666
362
971
21
498
885
955
890
821
762
416
250
354
119
729
892
563
663
647
534
426
12
215
758
981
833
946
122
939
514
25
605
876
995
977
725
231
283
966
52
44
381
653
750
500
734
641
414
396
287
947
174
650
513
931
630
698
228
103
636
94
127
592
321
474
920
45
704
202
10
107
246
743
760
347
242
493
987
7
888
625
305
413
274
170
695
255
867
923
357
502
16
835
446
336
308
365
732
364
567
93
470
164
187
229
510
780
73
848
786
313
824
443
725
449
612
420
703
478
342
59
331
709
245
776
396
553
493
479
916
411
571
737
574
110
966
435
889
38
634
675
350
457
117
427
905
80
846
959
557
539
369
887
599
613
15
994
165
507
472
432
917
394
169
842
503
486
628
392
875
261
418
577
69
886
3
325
965
200
283
521
90
651
759
688
263
773
681
780
279
504
563
547
249
731
388
104
568
15
847
795
627
616
371
47
501
725
371
817
924
653
689
365
303
447
52
918
220
84
49
850
939
611
397
187
694
136
642
261
503
488
55
129
455
777
528
955
853
898
771
128
551
459
492
205
258
543
474
829
626
522
30
916
133
426
103
826
914
96
438
416
936
845
896
390
973
423
697
826
321
467
953
223
278
445
779
887
339
605
715
965
126
744
880
610
522
334
787
435
782
225
202
717
421
449
106
393
872
154
570
544
621
523
118
250
319
248
488
657
852
554
973
978
297
853
939
170
538
726
956
671
302
509
387
722
958
845
466
829
998
36
724
970
910
841
571
228
88
410
884
940
963
857
269
612
61
559
781
950
284
89
621
585
597
359
658
554
555
476
734
553
511
457
874
772
297
797
999
737
206
234
28
169
90
296
780
502
854
912
452
490
1000
424
426
949
782
436
502
337
911
236
241
773
44
466
544
341
614
894
77
820
127
104
340
217
751
471
70
956
382
521
797
734
944
223
34
78
10
535
766
920
122
358
692
166
823
587
858
437
480
286
608
958
741
947
174
843
769
596
798
150
116
947
235
412
521
268
841
530
155
606
449
276
963
492
793
137
430
650
573
909
935
532
866
27
478
392
869
246
987
667
748
454
613
334
217
133
954
57
14
108
662
462
735
976
305
880
113
734
529
37
994
816
569
859
842
398
602
711
996
940
729
95
746
693
428
962
177
733
19
190
840
680
3
927
656
307
806
120
40
686
156
33
853
724
243
47
122
197
109
117
488
189
211
233
881
990
195
409
723
213
950
914
244
952
192
899
258
349
18
649
387
526
33
239
249
627
637
722
823
745
190
311
285
752
895
165
742
89
925
816
301
874
729
545
825
921
795
434
621
165
82
7
690
466
598
938
93
234
12
267
331
201
929
615
953
824
132
694
912
56
861
565
930
589
109
106
861
255
540
482
419
973
840
460
791
437
750
883
23
761
149
353
961
78
319
913
253
450
958
164
858
818
728
139
759
188
244
971
443
135
804
213
460
644
25
250
80
774
132
454
534
632
806
846
61
477
111
313
926
68
829
783
238
908
273
996
96
517
318
890
3
122
102
462
765
126
711
196
251
194
650
784
178
807
982
590
283
92
255
209
511
83
343
748
990
616
95
85
484
413
326
486
886
428
300
650
905
10
197
156
556
846
291
85
5
624
674
287
715
928
847
578
362
542
677
352
509
124
788
992
888
114
829
773
893
128
774
149
490
970
656
397
168
299
481
524
922
506
810
989
434
9
918
147
550
594
498
410
717
638
753
956
103
581
728
995
61
501
143
902
823
151
298
342
449
130
865
722
635